HillClimbing Day
np.array([85.6798195,0.0,13.0753775,17.4374849, 6.08137965,37.1726901,37.5230003,39.3042561,42.1506951,48.8756786])

HillClimbing Night
np.array([94.31268064,0.0,-2.49787839,0.22650818,20.68603951,10.84759343,17.31755371,28.43479486,35.95338739,36.52319049])

NSGA2 Night
np.array([30.27803165,0.0,72.18652272,78.95085281,77.69786497,161.59236892,67.73076971,87.20651906,56.78749669,74.66203013])

NSGA2 Day
np.array([189.68626229,0.0,91.35586241,3.12497131,-39.22791739,40.80891876,-48.36028468,5.99762737,-36.1611445,9.75444463])